738	1196	36
0.40922975540161133	0.971759557723999	-0.9814029335975647	0.6035817265510559	0.5705806016921997	0.5	1	0.5	0	0.0	0	0.19416290521621704	0.08633870631456375	-0.9771624803543091	-0.9233157634735107	-0.32037657499313354	-0.21177086234092712	-0.33134397864341736	0.9433475732803345	0.017512647435069084
0.0	-0.12541937828063965	-0.9515694975852966	0.6470090746879578	0.5206499099731445	1.0	0	0.0	0	0.0	0	0.0	-0.3934219777584076	-0.9193580150604248	-0.9282436370849609	-0.3419719338417053	0.1463521420955658	-0.37197279930114746	0.853388249874115	-0.3651914596557617
0.0	0.8358290791511536	-0.9814029932022095	0.6275104284286499	0.5714044570922852	0.5	1	0.5	0	0.0	0	0.0	0.10275755077600479	-0.9947065114974976	-0.9382832050323486	-0.3440372943878174	-0.03553948923945427	-0.3458680808544159	0.9333163499832153	0.0964156836271286
0.7179312109947205	5.349771499633789	0.27710554003715515	0.44956061244010925	0.7645882368087769	0.5	3	0.5	2	0.0	0	0.39861661195755005	0.6461611390113831	0.6508306264877319	0.8733058571815491	-0.05071132257580757	-0.4845258593559265	-0.2800772786140442	0.7615142464637756	-0.5845106840133667
0.0	4.649069786071777	0.6791564226150513	0.4126316010951996	0.7284903526306152	1.0	2	0.0	0	0.0	0	0.0	0.4713056683540344	0.8819699883460999	1.0	-3.987670788774267e-05	2.1308354916982353e-05	4.521280789049342e-05	0.8819699883460999	-0.4713056683540344
0.7662128210067749	4.554891109466553	0.6791566610336304	0.444609135389328	0.7230315804481506	1.0	2	0.0	0	0.0	0	0.22419163584709167	0.4519540071487427	0.8634094595909119	0.9690801501274109	-0.009693889878690243	-0.2465556114912033	-0.10306199640035629	0.8919886350631714	-0.44015294313430786
0.0	5.349771499633789	-0.8139605522155762	0.19097068905830383	0.8121248483657837	0.5	3	0.5	2	0.0	0	0.0	0.40959301590919495	-0.9122684001922607	-0.9960095882415771	0.08141698688268661	0.036554787307977676	0.0892467275261879	0.9086281061172485	0.4079585671424866
0.32525938749313354	5.8704047203063965	-0.5996206998825073	0.1725468933582306	0.8518958687782288	1.0	3	0.0	0	0.0	0	0.5191148519515991	0.4832843244075775	-0.7049511671066284	-0.8450639247894287	0.41373127698898315	-0.33866408467292786	0.12798930704593658	0.7715343832969666	0.6231802105903625
0.7179317474365234	5.349771499633789	-0.8139603734016418	0.14829975366592407	0.8121248483657837	0.5	3	0.5	2	0.0	0	0.40410494804382324	0.6044635772705078	-0.6865296959877014	-0.9073312878608704	0.16975493729114532	-0.3846210837364197	-0.11594760417938232	0.7783371806144714	0.6170474886894226
0.2063503861427307	-0.34748029708862305	0.6473102569580078	0.43597909808158875	0.43175196647644043	0.5	24	0.5	0	0.0	0	-0.4116201400756836	-0.34176039695739746	0.8448483347892761	0.8093226552009583	-0.563286304473877	0.16644980013370514	0.41900551319122314	0.75226891040802	0.5084543824195862
0.0	-0.29479044675827026	-0.11833572387695312	0.41264405846595764	0.3839869797229767	0	0	0	0	0	0	0.0	-0.9997941255569458	-0.02029496431350708	1.0	5.724002676288364e-07	-2.3156724637374282e-05	2.3163573132478632e-05	-0.02029496431350708	0.9997941255569458
0.0	-0.45100128650665283	-0.11564695835113525	0.4201967716217041	0.38071197271347046	0.5	30	0.5	24	0.0	0	0.0	-0.8295440077781677	-0.5584414005279541	0.10767145454883575	-0.5552241802215576	0.8247017860412598	-0.9941866397857666	-0.06012819707393646	0.08931820839643478
0.40922966599464417	0.9717596769332886	0.8377166986465454	0.43837523460388184	0.540635883808136	0.5	1	0.5	0	0.0	0	0.20478539168834686	-0.11225047707557678	0.9723491668701172	0.9763080477714539	-0.04751332104206085	-0.2111043632030487	0.06989610195159912	0.9925433397293091	0.0998610109090805
0.0	1.632805347442627	0.9040274620056152	0.41263771057128906	0.5812667608261108	1.0	1	0.0	0	0.0	0	0.0	-0.0655851885676384	0.9978469610214233	1.0	-3.74906521756202e-05	-2.4639236926304875e-06	3.757153172045946e-05	0.9978469610214233	0.0655851885676384
0.0	0.8358290195465088	0.8377165794372559	0.4126395285129547	0.5309273600578308	0.5	1	0.5	0	0.0	0	0.0	-0.10928922146558762	0.9940100312232971	1.0	-2.9771306799375452e-05	-3.2709490369597916e-06	2.995045724674128e-05	0.9940100312232971	0.10928922146558762
0.5983348488807678	1.8814367055892944	0.9040275812149048	0.44652438163757324	0.5971921682357788	1.0	1	0.0	0	0.0	0	0.27915510535240173	-0.07730402052402496	0.9571293592453003	0.9560442566871643	-0.07076951116323471	-0.28455445170402527	0.08973277360200882	0.9944927096366882	0.05415039509534836
0.0	2.8992536067962646	0.9557049870491028	0.41263502836227417	0.6492754220962524	1.0	1	0.0	0	0.0	0	0.0	-0.06344987452030182	0.9979850053787231	1.0	-4.073222225997597e-05	-2.589351652204641e-06	4.081444058101624e-05	0.9979850649833679	0.06344987452030182
0.6346566677093506	3.042404890060425	0.9557051658630371	0.4417744576931	0.6576066017150879	1.0	1	0.0	0	0.0	0	0.23875373601913452	-0.11148758977651596	0.9646590948104858	0.9644981622695923	-0.0882391482591629	-0.2489120364189148	0.11287129670381546	0.9898406267166138	0.08646214008331299
0.0	3.9483675956726074	1.0503288507461548	0.4126330614089966	0.6952590942382812	1.0	2	0.0	0	0.0	0	0.0	0.2154049575328827	0.976524829864502	1.0	-4.0641087252879515e-05	8.963889740698505e-06	4.1617891838541254e-05	0.9765247702598572	-0.2154049426317215
0.7662132978439331	4.557548522949219	-1.1528536081314087	0.5388131141662598	0.7520625591278076	1.0	2	0.0	0	0.0	0	0.15192310512065887	0.23243199288845062	-0.9606741070747375	-0.8354354500770569	-0.48919254541397095	-0.2504764199256897	-0.5281732678413391	0.840634286403656	0.11986225098371506
0.0	4.014580249786377	-1.1700927019119263	0.5859205722808838	0.7435904145240784	1.0	2	0.0	0	0.0	0	0.0	-0.12219775468111038	-0.9925057888031006	-0.940211832523346	-0.3380376696586609	0.04161914810538292	-0.34059011936187744	0.9331657290458679	-0.11489177495241165
0.0	4.654385089874268	-1.1528537273406982	0.5696040391921997	0.7765717506408691	1.0	2	0.0	0	0.0	0	0.0	0.2403663843870163	-0.9706822633743286	-0.856231689453125	-0.501446545124054	-0.12417197227478027	-0.5165920257568359	0.8311288952827454	0.2058093249797821
0.6346569657325745	3.0477206707000732	-0.8647900819778442	0.5629045963287354	0.6825950145721436	1.0	1	0.0	0	0.0	0	0.2528853416442871	-0.23963984847068787	-0.9373483061790466	-0.9515132904052734	-0.23697833716869354	-0.19612181186676025	-0.1751326322555542	0.9414957165718079	-0.2879488468170166
0.8144948482513428	3.8209078311920166	-1.1700925827026367	0.5496788620948792	0.7220447659492493	1.0	2	0.0	0	0.0	0	0.06427307426929474	-0.22797715663909912	-0.9715427756309509	-0.9582886695861816	-0.2857785224914551	0.0036623370833694935	-0.27848100662231445	0.9307831525802612	-0.23683582246303558
0.5983350276947021	1.8814367055892944	-0.7305383682250977	0.5764279365539551	0.6176769137382507	1.0	1	0.0	0	0.0	0	0.16239073872566223	0.04229910671710968	-0.9858194589614868	-0.9516432881355286	-0.2573276460170746	-0.1678023338317871	-0.26077648997306824	0.9653980731964111	-0.0015339682577177882
0.0	2.9098846912384033	-0.8647902011871338	0.5979253053665161	0.6821310520172119	1.0	1	0.0	0	0.0	0	0.0	-0.1794198453426361	-0.9837726354598999	-0.9777064919471741	-0.20656904578208923	0.03767319768667221	-0.20997628569602966	0.9618409276008606	-0.17541995644569397
1.2362314462661743	2.1250290870666504	0.0039054453372955322	0.5115920305252075	0.6187719106674194	1.0	1	0.0	0	0.0	0	0.9970311522483826	-0.07699989527463913	-0.0001220767298946157	-0.013701277785003185	-0.17585010826587677	-0.9843215942382812	0.07577119022607803	0.9814009666442871	-0.17638303339481354
1.1830388307571411	1.6346166133880615	0.35972970724105835	0.49477556347846985	0.5867894291877747	0.5	1	0.5	0	0.0	0	0.9181968569755554	-0.043794870376586914	0.39369603991508484	0.3851848542690277	-0.13324718177318573	-0.9131690263748169	0.09245101362466812	0.9901148080825806	-0.10547803342342377
1.223337173461914	1.6282609701156616	0.0024926122277975082	0.5164626836776733	0.5897499322891235	0.5	1	0.5	0	0.0	0	0.9996544122695923	-0.026276977732777596	0.0008240167517215014	-0.0036492166109383106	-0.16973133385181427	-0.9854835867881775	0.02603539079427719	0.9851400256156921	-0.1697685718536377
1.3698498010635376	3.116788864135742	0.010786086320877075	0.5010684132575989	0.6711782813072205	1.0	1	0.0	0	0.0	0	0.9818370938301086	-0.18952497839927673	0.00872852560132742	-0.035112373530864716	-0.22672607004642487	-0.9733254909515381	0.18644848465919495	0.955340564250946	-0.22926273941993713
1.1966696977615356	2.1451363563537598	0.3424474000930786	0.49215438961982727	0.6167848706245422	1.0	1	0.0	0	0.0	0	0.9376150369644165	-0.0715678408741951	0.3402295410633087	0.3268042504787445	-0.15253029763698578	-0.9327021837234497	0.11864680796861649	0.9857041239738464	-0.11962603032588959
1.5396406650543213	3.9483675956726074	0.1765299290418625	0.4852551817893982	0.70489102602005	0.5	5	0.5	4	0.0	0	0.7168353199958801	-0.30595511198043823	0.6265289783477783	0.5403532981872559	-0.3240870237350464	-0.7765216827392578	0.440630704164505	0.8951851725578308	-0.06699316203594208
1.337121844291687	3.1780221462249756	0.3638537526130676	0.4842763841152191	0.6705552935600281	1.0	1	0.0	0	0.0	0	0.9190847873687744	-0.19404086470603943	0.34297439455986023	0.3061670958995819	-0.19631348550319672	-0.9315163493156433	0.2480827420949936	0.9611499905586243	-0.12101979553699493
0.9520456194877625	2.014021635055542	-0.6148463487625122	0.5535890460014343	0.6201604008674622	1.0	1	0.0	0	0.0	0	0.5818471908569336	-0.018372515216469765	-0.8130905628204346	-0.7954941987991333	-0.22089619934558868	-0.5642638802528381	-0.16924169659614563	0.9751243591308594	-0.14314308762550354
1.0386073589324951	3.083200693130493	-0.6236255764961243	0.538366436958313	0.6779330372810364	1.0	1	0.0	0	0.0	0	0.6294373869895935	-0.25880667567253113	-0.732685387134552	-0.7765910625457764	-0.2419760376214981	-0.5816820859909058	-0.02674909494817257	0.9351292252540588	-0.3532956540584564
1.2676461935043335	3.8487179279327393	-1.1519793272018433	0.5321587324142456	0.7190337181091309	0.5	4	0.5	2	0.0	0	0.5367801189422607	-0.2319495528936386	-0.8112130165100098	-0.8285959362983704	-0.3261600136756897	-0.455025851726532	-0.15904220938682556	0.916416585445404	-0.3672686517238617
1.187635898590088	4.439184188842773	-1.0674916505813599	0.5261714458465576	0.7385984063148499	0.5	4	0.5	2	0.0	0	0.4869072735309601	0.26323026418685913	-0.8328452110290527	-0.7167423367500305	-0.42454373836517334	-0.5532115697860718	-0.499201238155365	0.8662981390953064	-0.01804516091942787
1.0514873266220093	3.0918657779693604	0.7312062382698059	0.46364644169807434	0.6627120971679688	1.0	1	0.0	0	0.0	0	0.6521656513214111	-0.18320700526237488	0.7356052994728088	0.7213102579116821	-0.14856015145778656	-0.6764920353889465	0.233219712972641	0.9717845916748047	0.03526326268911362
0.8144944906234741	3.7600107192993164	1.0503289699554443	0.4444487988948822	0.6890921592712402	1.0	2	0.0	0	0.0	0	0.24598054587841034	0.07687655091285706	0.9662213325500488	0.9672559499740601	-0.08377370238304138	-0.23957857489585876	0.06252596527338028	0.9935149550437927	-0.09496599435806274
0.9625370502471924	2.00457501411438	0.696968674659729	0.4693047106266022	0.606065034866333	1.0	1	0.0	0	0.0	0	0.68214350938797	-0.07458990067243576	0.7274040579795837	0.7191745638847351	-0.11136922240257263	-0.6858461499214172	0.13216760754585266	0.9909759163856506	-0.022326627746224403
0.8531895279884338	1.292855978012085	0.6785963773727417	0.46828359365463257	0.5630294680595398	0.5	1	0.5	0	0.0	0	0.5694860219955444	-0.09772208333015442	0.8161717057228088	0.813206672668457	-0.07787448912858963	-0.5767412781715393	0.1199193075299263	0.9921623468399048	0.03511982038617134
1.661338448524475	-5.449840545654297	-0.09242632985115051	0.6232863664627075	0.1777600795030594	0.5	28	0.5	27	0.0	0	0.8096990585327148	0.014496514573693275	0.5866662859916687	0.5738059282302856	-0.22912633419036865	-0.7862874269485474	0.12302227318286896	0.9732887744903564	-0.19384156167507172
1.5087873935699463	-7.4566969871521	-0.31979501247406006	0.6754752397537231	0.06873256713151932	0.5	29	0.5	28	0.0	0	0.9999480247497559	0.00973549298942089	0.003021359909325838	0.00788310170173645	-0.5506289005279541	-0.8347130417823792	-0.006462694611400366	0.8346934914588928	-0.5506770610809326
1.7014158964157104	-5.431282043457031	-0.38104525208473206	0.6378607153892517	0.1824829876422882	0.5	28	0.5	27	0.0	0	0.998491108417511	0.054629065096378326	-0.005584982223808765	0.007284405641257763	-0.23257020115852356	-0.9725523591041565	-0.054428525269031525	0.9710441827774048	-0.23261721432209015
0.8450832366943359	5.4027934074401855	-0.2593001425266266	0.4780471920967102	0.775946855545044	1.0	3	0.0	0	0.0	0	0.5786792635917664	0.8153880834579468	0.016511021181941032	0.2798618674278259	-0.17951945960521698	-0.9431067109107971	-0.7660338878631592	0.5503770709037781	-0.332080215215683
1.1092846393585205	5.0458879470825195	0.23954981565475464	0.4649169147014618	0.7460266351699829	0.5	4	0.5	2	0.0	0	0.40779632329940796	0.6075743436813354	0.6815832257270813	0.8226494789123535	0.07940033823251724	-0.5629773139953613	-0.3961685299873352	0.7902840971946716	-0.467441588640213
1.142086386680603	5.309125900268555	-0.2727735936641693	0.4840238690376282	0.7613641023635864	1.0	4	0.0	0	0.0	0	0.27726101875305176	0.9607544541358948	-0.008789341896772385	0.30329206585884094	-0.09619917720556259	-0.9480293989181519	-0.9116688966751099	0.2601858377456665	-0.3180614709854126
1.1938300132751465	4.452062606811523	0.5344042778015137	0.46292540431022644	0.7192959189414978	0.5	4	0.5	2	0.0	0	0.578129231929779	0.3781355023384094	0.7230353951454163	0.8042411804199219	-0.1145310252904892	-0.5831626653671265	-0.1377045214176178	0.9186382293701172	-0.37032589316368103
0.7312318682670593	0.41963979601860046	-0.7587342858314514	0.5934852361679077	0.5338569283485413	0.5	24	0.5	0	0.0	0	0.522426426410675	-0.10687799006700516	-0.8459597229957581	-0.8196748495101929	-0.3363220691680908	-0.46370336413383484	-0.23495522141456604	0.9356626272201538	-0.26330870389938354
0.853879451751709	1.304691195487976	-0.7479166984558105	0.5714133977890015	0.5812888741493225	0.5	1	0.5	0	0.0	0	0.5731804370880127	0.04507680982351303	-0.8181883692741394	-0.7823132872581482	-0.2670007050037384	-0.5627580881118774	-0.24382421374320984	0.9626415371894836	-0.11777540296316147
0.3252594470977783	5.5691986083984375	0.24339303374290466	0.10691263526678085	0.881296694278717	1.0	3	0.0	0	0.0	0	0.3112034201622009	0.23905621469020844	0.9197850227355957	0.3526309132575989	0.8697032332420349	-0.3453517258167267	-0.8824985027313232	0.43181928992271423	0.18635599315166473
-0.0035920515656471252	5.928022861480713	0.2759689688682556	0.10964498668909073	0.9151532053947449	1.0	3	0.0	0	0.0	0	0.2113456130027771	-0.6569873094558716	0.7236717939376831	0.8600260615348816	0.47680431604385376	0.181693896651268	-0.4644204080104828	0.5839763879776001	0.66579669713974
0.0	5.5691986083984375	0.24339279532432556	0.09478321671485901	0.9016013741493225	1.0	3	0.0	0	0.0	0	0.0	0.024873241782188416	0.9996906518936157	0.4393932819366455	0.8980168700218201	-0.022343724966049194	-0.8982948064804077	0.43925735354423523	-0.010929134674370289
0.8450832366943359	5.4027934074401855	-0.2593001425266266	0.12311214208602905	0.834125816822052	1.0	3	0.0	0	0.0	0	0.5786792635917664	0.8153880834579468	0.016511021181941032	-0.46945616602897644	0.3495991826057434	-0.8107967972755432	-0.6668862104415894	0.4614400565624237	0.5850947499275208
0.461151123046875	5.7192301750183105	-0.11875610798597336	0.13602864742279053	0.8666507005691528	1.0	3	0.0	0	0.0	0	0.8172462582588196	0.5567028522491455	0.1489647924900055	-0.2640223801136017	0.5914582014083862	-0.7618854641914368	-0.5122502446174622	0.5833179950714111	0.6303490400314331
0.0	5.349771499633789	0.27455615997314453	0.08383820950984955	0.8962481617927551	0.5	3	0.5	2	0.0	0	0.0	0.32707494497299194	0.9449984431266785	0.3637641370296478	0.8802605867385864	-0.30465900897979736	-0.9314911365509033	0.3437565267086029	-0.1189781203866005
1.5253106355667114	-7.4839324951171875	-0.17669183015823364	0.6677823662757874	0.06164322420954704	0.5	29	0.5	28	0.0	0	0.924394428730011	0.24424472451210022	0.2929838001728058	0.38109472393989563	-0.558664083480835	-0.7366555333137512	-0.016244705766439438	0.792614758014679	-0.6095062494277954
1.536320686340332	-7.745737075805664	-0.3036557137966156	0.6852285265922546	0.05383269488811493	1.0	29	0.0	0	0.0	0	0.9843546748161316	0.014069185592234135	-0.1756359338760376	-0.12695133686065674	-0.6346075534820557	-0.7623361945152283	-0.12218533456325531	0.7727064490318298	-0.6228927969932556
1.2429630756378174	-5.442041873931885	-0.8695859909057617	0.6736419796943665	0.19275565445423126	0.5	28	0.5	27	0.0	0	0.07989903539419174	0.012573874555528164	-0.9967237114906311	-0.9482710957527161	-0.3072449862957001	-0.07989095151424408	-0.30724287033081055	0.951547384262085	-0.012625135481357574
1.5253106355667114	-7.473083019256592	-0.4556085467338562	0.6836224794387817	0.07237351685762405	0.5	29	0.5	28	0.0	0	0.924034595489502	0.03912581503391266	-0.38030168414115906	-0.2969835102558136	-0.5529652833938599	-0.7784793972969055	-0.24075227975845337	0.8322852253913879	-0.4993393123149872
1.2653427124023438	-7.543910503387451	-0.622273862361908	0.7025535702705383	0.07753508538007736	0.5	29	0.5	28	0.0	0	0.14591263234615326	0.18702208995819092	-0.9714588522911072	-0.8752521276473999	-0.43331244587898254	-0.21488192677497864	-0.46113285422325134	0.8816253542900085	0.10046572238206863
0.5079664587974548	-5.31014347076416	-0.34985247254371643	0.7186676263809204	0.2163229137659073	0.5	28	0.5	27	0.0	0	-0.9961429238319397	-0.08432422578334808	-0.024262672290205956	0.006028415635228157	-0.34187743067741394	0.9397252202033997	-0.08753647655248642	0.9359544515609741	0.3410671651363373
0.886593759059906	-7.492425918579102	-0.5448565483093262	0.7226792573928833	0.08756671100854874	0.5	29	0.5	28	0.0	0	-0.8169919848442078	-0.12805746495723724	-0.5622504353523254	-0.5115228295326233	-0.28918832540512085	0.8091443777084351	-0.26621320843696594	0.9486682415008545	0.17076021432876587
0.8965877890586853	-7.506912708282471	-0.3090898394584656	0.7359215617179871	0.088532954454422	0.5	29	0.5	28	0.0	0	-0.9822676181793213	-0.18745028972625732	-0.003570772474631667	0.022977741435170174	-0.13925467431545258	0.9899900555610657	-0.18607117235660553	0.9723531007766724	0.14109253883361816
1.2391154766082764	-5.456628799438477	0.08814902603626251	0.6019171476364136	0.17280560731887817	0.5	28	0.5	27	0.0	0	0.13248319923877716	-0.0401020310819149	0.9903737306594849	0.9649823904037476	-0.22300881147384644	-0.13811662793159485	0.22640079259872437	0.9739912152290344	0.009152834303677082
0.886593759059906	-7.502486705780029	-0.06899486482143402	0.6227396130561829	0.04737231507897377	0.5	29	0.5	28	0.0	0	-0.8610992431640625	0.12622740864753723	0.4925188422203064	0.48541367053985596	-0.08411898463964462	0.8702284693717957	0.1512768715620041	0.9884284734725952	0.011162283830344677
1.2621347904205322	-7.554235458374023	-0.03704795241355896	0.6483626365661621	0.05163821950554848	0.5	29	0.5	28	0.0	0	0.11771060526371002	0.5516253709793091	0.8257443308830261	0.9833548069000244	-0.1806461662054062	-0.019500665366649628	0.13841047883033752	0.8142951130867004	-0.5637074112892151
0.7850004434585571	0.01433595921844244	0.6381099820137024	0.47417283058166504	0.4751834273338318	0.5	25	0.5	24	0.0	0	0.24458368122577667	-0.00656170304864645	0.9696061015129089	0.9210244417190552	-0.31105363368988037	-0.2344348132610321	0.30313777923583984	0.9503697156906128	-0.07003513723611832
0.7164838314056396	0.4250407814979553	0.6580208539962769	0.4649166762828827	0.5033724308013916	0.5	24	0.5	0	0.0	0	0.35328617691993713	-0.06698887050151825	0.9331138134002686	0.918504536151886	-0.16450658440589905	-0.35956519842147827	0.1775902360677719	0.9840986728668213	0.0034116702154278755
0.0	-0.45100128650665283	-0.11564695835113525	0.6863673329353333	0.4845868945121765	0.5	30	0.5	24	0.0	0	0.0	-0.8295440077781677	-0.5584414005279541	-0.4663088023662567	-0.4939746558666229	0.7338563203811646	-0.8846220374107361	0.26040616631507874	-0.3868236541748047
0.24717360734939575	-0.7186751365661621	-0.6884883046150208	0.645554780960083	0.4752405881881714	0.5	25	0.5	24	0.0	0	-0.5095497369766235	-0.1965440958738327	-0.83769291639328	-0.8412647247314453	-0.09059415012598038	0.5329787731170654	-0.18064391613006592	0.9763007164001465	-0.11918339878320694
0.0	-0.7390633225440979	-0.04540965333580971	0.6874118447303772	0.46868136525154114	0.3333333333333333	31	0.3333333333333333	30	0.3333333333333333	25	0.0	-0.829529881477356	0.558462381362915	-0.4109851121902466	0.5091124176979065	0.7562379837036133	-0.9116421341896057	-0.22951973974704742	-0.3409244120121002
1.2842559814453125	0.5545332431793213	-0.36613729596138	0.5519994497299194	0.5268853902816772	0.5	25	0.5	24	0.0	0	0.8432362675666809	0.12735523283481598	-0.5222387909889221	-0.4636155366897583	-0.3193918466567993	-0.8264679908752441	-0.27205386757850647	0.93902587890625	-0.2102789282798767
0.7969921827316284	0.006013194099068642	-0.6324476003646851	0.5963799953460693	0.5073876976966858	0.5	25	0.5	24	0.0	0	0.4442727267742157	-0.08667545020580292	-0.8916890025138855	-0.8511199951171875	-0.35154223442077637	-0.3898882567882538	-0.2796725928783417	0.9321509599685669	-0.22995184361934662
1.1665984392166138	0.9149213433265686	0.3805742561817169	0.4990996718406677	0.5403534173965454	0.5	24	0.5	0	0.0	0	0.8388607501983643	0.07114110141992569	0.5396774411201477	0.5440254211425781	-0.1435980200767517	-0.8266898393630981	0.0186849907040596	0.9870758056640625	-0.15916131436824799
1.3197855949401855	0.6033434867858887	0.0021378810051828623	0.5289125442504883	0.5244934558868408	0.5	25	0.5	24	0.0	0	0.9793579578399658	0.20188385248184204	0.010040784254670143	0.05535383149981499	-0.22008933126926422	-0.9739079475402832	-0.1944064348936081	0.95436030626297	-0.22672128677368164
1.2049224376678467	0.9931855201721191	0.0031816689297556877	0.5234124064445496	0.5498749613761902	0.5	24	0.5	0	0.0	0	0.9922526478767395	0.12314272671937943	0.016449550166726112	0.040075626224279404	-0.19193074107170105	-0.9805898666381836	-0.11759533733129501	0.9736521244049072	-0.19537881016731262
0.0	-0.12541937828063965	0.7148979902267456	0.4126422703266144	0.44741103053092957	1.0	0	0.0	0	0.0	0	0.0	-0.4355665147304535	0.900156557559967	1.0	-2.8484544600360096e-05	-1.3772096281172708e-05	3.163921064697206e-05	0.900156557559967	0.4355665147304535
0.0	1.6328054666519165	-0.7305384278297424	0.612908124923706	0.6138383746147156	1.0	1	0.0	0	0.0	0	0.0	0.14456960558891296	-0.9894946217536926	-0.9564638137817383	-0.2887852191925049	-0.04219033941626549	-0.29185086488723755	0.946415901184082	0.138275608420372
0.2929566502571106	-1.569589376449585	0.43916913866996765	0.48470738530158997	0.36515378952026367	0.5	26	0.5	25	0.0	0	-0.6137485504150391	-0.18378885090351105	0.7678113579750061	0.6900646090507507	-0.5973681211471558	0.40861010551452637	0.38356804847717285	0.7806233167648315	0.4934599995613098
0.962330162525177	-3.126011610031128	0.27135151624679565	0.5591140985488892	0.29971951246261597	1.0	26	0.0	0	0.0	0	0.1247619241476059	-0.07144512981176376	0.9896111488342285	0.9158002734184265	-0.3754802346229553	-0.1425645649433136	0.3817649185657501	0.9240726828575134	0.01858382858335972
0.9098096489906311	-1.3755884170532227	0.5940332412719727	0.5095531344413757	0.39115503430366516	0.5	26	0.5	25	0.0	0	0.1326988935470581	-0.12326835840940475	0.9834612011909485	0.9034010171890259	-0.39314866065979004	-0.1711745262145996	0.407746821641922	0.911174476146698	0.05919036269187927
0.29429322481155396	-1.5689103603363037	-0.5597031116485596	0.6533678770065308	0.4214315712451935	0.5	26	0.5	25	0.0	0	-0.5784077644348145	-0.10483487695455551	-0.8089834451675415	-0.7970176935195923	-0.13866591453552246	0.587821900844574	-0.17380265891551971	0.9847748875617981	-0.0033498129341751337
0.29681071639060974	-3.1701529026031494	-0.1615317314863205	0.6834241151809692	0.3319336771965027	1.0	26	0.0	0	0.0	0	-0.9862045049667358	-0.1648659110069275	-0.014832437969744205	0.011308986693620682	-0.15675415098667145	0.9875729084014893	-0.16514214873313904	0.9737811088562012	0.1564561128616333
0.04621635377407074	-1.5956218242645264	-0.06063145399093628	0.6855157613754272	0.4212763011455536	0.5	26	0.5	25	0.0	0	-0.9929230213165283	-0.11813754588365555	0.01214640773832798	0.010730388574302197	0.012585964985191822	0.9998632073402405	-0.1182742565870285	0.992917537689209	-0.01122923195362091
0.9109015464782715	-1.3667532205581665	-0.6253857612609863	0.6164674758911133	0.42505595088005066	0.5	26	0.5	25	0.0	0	0.1881222128868103	-0.040163666009902954	-0.9813240766525269	-0.9515630006790161	-0.25484979152679443	-0.1719864457845688	-0.24318265914916992	0.9661462306976318	-0.08616117388010025
1.333337426185608	-3.1078476905822754	-0.3535981774330139	0.6095349788665771	0.3159388601779938	1.0	26	0.0	0	0.0	0	0.8029911518096924	-0.0540190152823925	-0.5935377478599548	-0.5806209444999695	-0.2956131398677826	-0.7586120367050171	-0.13447809219360352	0.9537792205810547	-0.2687393128871918
0.9661401510238647	-3.121866464614868	-0.5631294846534729	0.6351852416992188	0.32217738032341003	1.0	26	0.0	0	0.0	0	0.17420297861099243	-0.05554474517703056	-0.9831420183181763	-0.9414369463920593	-0.30211398005485535	-0.14974476397037506	-0.28870341181755066	0.9516522288322449	-0.10492103546857834
1.5334640741348267	-1.2869913578033447	-0.01314491219818592	0.5605418682098389	0.41434961557388306	0.5	26	0.5	25	0.0	0	0.9999321699142456	0.010223942808806896	0.005585019942373037	0.008076679892838001	-0.26289039850234985	-0.9647918939590454	-0.008395729586482048	0.964771568775177	-0.2629551291465759
1.3311538696289062	-3.1107969284057617	0.07066033780574799	0.5837542414665222	0.3085193932056427	1.0	26	0.0	0	0.0	0	0.8153833150863647	-0.0524626262485981	0.5765395164489746	0.5335612893104553	-0.31833145022392273	-0.7835672497749329	0.22463864088058472	0.9465267062187195	-0.23157010972499847
1.3723464012145996	-3.121016263961792	-0.14060327410697937	0.596754789352417	0.31147071719169617	1.0	26	0.0	0	0.0	0	0.9987886548042297	-0.04919629916548729	-0.0010681578423827887	-0.014455670490860939	-0.27259302139282227	-0.9620208740234375	0.04703669250011444	0.9608708620071411	-0.2729739546775818
0.5937911868095398	-3.5131850242614746	0.17487969994544983	0.5467893481254578	0.2708319127559662	0.5	27	0.5	26	0.0	0	-0.529693067073822	-0.14618746936321259	0.8354965448379517	0.8064239621162415	-0.39209046959877014	0.4426572918891907	0.26287925243377686	0.9082369208335876	0.32557666301727295
1.0180153846740723	-3.8585281372070312	0.1884351372718811	0.5760849118232727	0.2593531012535095	1.0	27	0.0	0	0.0	0	0.1611400991678238	-0.13284902274608612	0.9779495000839233	0.9357150793075562	-0.2944978177547455	-0.19418680667877197	0.31380146741867065	0.9463732242584229	0.07685341686010361
0.9923582077026367	-3.4915544986724854	0.2894020974636078	0.5676698088645935	0.27977028489112854	0.5	27	0.5	26	0.0	0	0.13364410400390625	-0.10654294490814209	0.9852856993675232	0.9366523027420044	-0.31121981143951416	-0.16070082783699036	0.3237619698047638	0.9443468451499939	0.05820100009441376
0.5950588583946228	-3.509793281555176	-0.46356549859046936	0.6650920510292053	0.3065074384212494	0.5	27	0.5	26	0.0	0	-0.5306323766708374	-0.02035611681640148	-0.8473576307296753	-0.7939839363098145	-0.3379839360713959	0.5053279399871826	-0.2966797947883606	0.9409317374229431	0.16318278014659882
0.3985130786895752	-3.915675640106201	-0.21864794194698334	0.6907799243927002	0.2915607690811157	1.0	27	0.0	0	0.0	0	-0.9950122833251953	-0.09698951244354248	-0.02331654727458954	0.01789720170199871	-0.403763085603714	0.9146884679794312	-0.09812954813241959	0.9097089767456055	0.4034850597381592
0.3478896915912628	-3.5450596809387207	-0.1450035274028778	0.6880635023117065	0.31200161576271057	0.5	27	0.5	26	0.0	0	-0.9884766340255737	-0.1450563222169876	0.04327579587697983	0.08705148100852966	-0.3110010027885437	0.9464145302772522	-0.1238245740532875	0.9392757415771484	0.32004454731941223
0.9915143251419067	-3.468937873840332	-0.5368642807006836	0.6399485468864441	0.3007505536079407	0.5	27	0.5	26	0.0	0	0.16233229637145996	0.09415213018655777	-0.9822340607643127	-0.9233214259147644	-0.33660629391670227	-0.18486137688159943	-0.3480311930179596	0.9369266629219055	0.03229060024023056
1.328752875328064	-3.7397332191467285	-0.43038037419319153	0.6233572363853455	0.27687180042266846	1.0	27	0.0	0	0.0	0	0.7763792276382446	0.21387891471385956	-0.5928670167922974	-0.5374732613563538	-0.2666195034980774	-0.8000229001045227	-0.3291779160499573	0.9397711753845215	-0.09204363822937012
1.015014886856079	-3.819648027420044	-0.629719078540802	0.6468554735183716	0.2787172794342041	1.0	27	0.0	0	0.0	0	0.09277934581041336	0.212629497051239	-0.9727181792259216	-0.9168106913566589	-0.3628353178501129	-0.16675983369350433	-0.3883945643901825	0.9072702527046204	0.16127735376358032
1.3707356452941895	-3.4271225929260254	-0.11749961227178574	0.6004332900047302	0.2925867438316345	0.5	27	0.5	26	0.0	0	0.99961256980896	-0.01098676584661007	0.02557474933564663	0.02242465130984783	-0.22644242644309998	-0.9737663865089417	0.016489749774336815	0.973962664604187	-0.22610831260681152
1.3282017707824707	-3.744098663330078	0.00028856098651885986	0.5968684554100037	0.2712480127811432	1.0	27	0.0	0	0.0	0	0.8287215232849121	-0.02975633554160595	0.5588697195053101	0.5357100963592529	-0.24682794511318207	-0.8075213432312012	0.1619735211133957	0.9686023592948914	-0.18861082196235657
1.3677809238433838	-3.7188243865966797	-0.21439288556575775	0.6099340319633484	0.2755763530731201	1.0	27	0.0	0	0.0	0	0.9955461025238037	0.09314551204442978	-0.014557801187038422	0.005291583947837353	-0.20938140153884888	-0.9778197407722473	-0.09412765502929688	0.973387598991394	-0.2089417278766632
1.2842559814453125	0.5545327663421631	0.36582666635513306	0.5072322487831116	0.5162662863731384	0.5	25	0.5	24	0.0	0	0.813201904296875	0.15891098976135254	0.5598660111427307	0.581831157207489	-0.2001180797815323	-0.7883053421974182	-0.013231072574853897	0.9667989015579224	-0.2551957666873932
1.4938257932662964	-1.2896473407745361	-0.3803613483905792	0.5809873938560486	0.41987165808677673	0.5	26	0.5	25	0.0	0	0.812630295753479	0.0075687202624976635	-0.5827304124832153	-0.5541890859603882	-0.2993098497390747	-0.7767162919044495	-0.1802956908941269	0.9541260004043579	-0.2390337586402893
0.24717363715171814	-0.718674898147583	0.5978057384490967	0.45428207516670227	0.40882810950279236	0.5	25	0.5	24	0.0	0	-0.5802299976348877	-0.1175902709364891	0.8059191107749939	0.6373471617698669	-0.6816266179084778	0.35940757393836975	0.5070730447769165	0.7221893072128296	0.47044605016708374
0.7555837631225586	-5.290676116943359	0.010224506258964539	0.5760654807090759	0.17535215616226196	0.5	28	0.5	27	0.0	0	-0.5397360920906067	-0.0878349244594574	0.8372395634651184	0.8204255104064941	-0.27774718403816223	0.49975839257240295	0.18864469230175018	0.956630289554596	0.22197219729423523
0.6461617946624756	-3.8871734142303467	-0.5310150384902954	0.6693593263626099	0.28397899866104126	1.0	27	0.0	0	0.0	0	-0.5460797548294067	0.07739664614200592	-0.8341503143310547	-0.7808155417442322	-0.4077841639518738	0.4733278453350067	-0.30351927876472473	0.9097923040390015	0.2831152081489563
1.661625623703003	-5.442368507385254	-0.6701198220252991	0.6524389982223511	0.18587832152843475	0.5	28	0.5	27	0.0	0	0.8049421906471252	0.04696895182132721	-0.5914913415908813	-0.5561462640762329	-0.2877250015735626	-0.7796894907951355	-0.20680804550647736	0.9565606713294983	-0.2054803967475891
1.331045150756836	-3.423790454864502	-0.3320136070251465	0.6140039563179016	0.2958989441394806	0.5	27	0.5	26	0.0	0	0.8393083810806274	0.054751429706811905	-0.5408916473388672	-0.5083276629447937	-0.273764967918396	-0.8164899945259094	-0.19278116524219513	0.9602369666099548	-0.20194154977798462
1.3296778202056885	-3.42744779586792	0.09545011818408966	0.5877552628517151	0.28965964913368225	0.5	27	0.5	26	0.0	0	0.7930651307106018	-0.05755871906876564	0.6064112782478333	0.5725013017654419	-0.2696095108985901	-0.7743081450462341	0.20806244015693665	0.9612480998039246	-0.18086545169353485
0.5439558625221252	-3.132413148880005	-0.486508846282959	0.6604501008987427	0.328978955745697	1.0	26	0.0	0	0.0	0	-0.5082730054855347	-0.12076596170663834	-0.8526864647865295	-0.8105007410049438	-0.2676145136356354	0.5210289359092712	-0.29111379384994507	0.955927848815918	0.03814031928777695
0.7558497190475464	-5.283746719360352	-0.7092005014419556	0.6953356266021729	0.20951788127422333	0.5	28	0.5	27	0.0	0	-0.5835014581680298	-0.005676618777215481	-0.8120921850204468	-0.7620354890823364	-0.3418842852115631	0.5499245524406433	-0.28076329827308655	0.9397249817848206	0.19516421854496002
1.4923843145370483	-1.2903796434402466	0.3531147539615631	0.5404460430145264	0.4082258343696594	0.5	26	0.5	25	0.0	0	0.804844856262207	-0.038270723074674606	0.5922501087188721	0.5505378246307373	-0.3245658874511719	-0.7691327929496765	0.22165940701961517	0.9450885653495789	-0.2401556521654129
1.1830389499664307	1.6346166133880615	-0.354364812374115	0.5376887321472168	0.5940285921096802	0.5	1	0.5	0	0.0	0	0.9167096018791199	-0.00668373703956604	-0.39949825406074524	-0.39243295788764954	-0.20299191772937775	-0.8971012830734253	-0.0750989243388176	0.979157567024231	-0.18870754539966583
1.1966700553894043	2.1451363563537598	-0.33463653922080994	0.5308435559272766	0.6234734654426575	1.0	1	0.0	0	0.0	0	0.911731481552124	-0.06430401653051376	-0.40572261810302734	-0.41014400124549866	-0.19772911071777344	-0.8903287053108215	-0.022971462458372116	0.9781453013420105	-0.20664973556995392
0.2063503861427307	-0.34748029708862305	-0.8786042332649231	0.6412382125854492	0.5023483037948608	0.5	24	0.5	0	0.0	0	-0.15793706476688385	-0.5095187425613403	-0.8458407521247864	-0.9306581020355225	-0.20949764549732208	0.29997700452804565	-0.33004555106163025	0.8345659971237183	-0.4411002993583679
1.6226266622543335	-7.64345121383667	0.10415013134479523	0.6678910255432129	0.04067813605070114	1.0	29	0.0	0	0.0	0	0.7520527243614197	0.6209729909896851	0.22092807292938232	0.6314579844474792	-0.5827638506889343	-0.5115144848823547	-0.18888777494430542	0.5241926312446594	-0.830387532711029
1.1665984392166138	1.00774085521698	-0.3781594932079315	0.5475392937660217	0.5560262799263	0.5	24	0.5	0	0.0	0	0.8870332837104797	0.05887105315923691	-0.4579368531703949	-0.4270225763320923	-0.2725451588630676	-0.8621895909309387	-0.17556647956371307	0.9603402018547058	-0.21661736071109772
1.4877514839172363	4.4352006912231445	0.26030850410461426	0.47782444953918457	0.7213605046272278	0.5	5	0.5	4	0.0	0	0.47506803274154663	0.11289198696613312	0.8726773858070374	0.879861056804657	-0.04730416461825371	-0.4728708863258362	-0.012102059088647366	0.9924806952476501	-0.1218019649386406
1.750826120376587	5.005393981933594	0.07127070426940918	0.48437219858169556	0.7380868196487427	0.5	5	0.5	4	0.0	0	0.5030214786529541	0.6322712898254395	0.5892388820648193	0.7082014083862305	0.0892600566148758	-0.7003452777862549	-0.4954037070274353	0.7695885300636292	-0.402875691652298
1.735647439956665	5.064866542816162	-0.266895055770874	0.49048686027526855	0.7425327301025391	0.5	5	0.5	4	0.0	0	0.570655345916748	0.8210380673408508	0.01577862910926342	0.23382626473903656	-0.14403441548347473	-0.9615504741668701	-0.787196934223175	0.552403450012207	-0.2741743326187134
1.278375267982483	3.8582377433776855	0.8292587995529175	0.4621211886405945	0.6952868700027466	0.5	4	0.5	2	0.0	0	0.6963962912559509	0.09238282591104507	0.7116865515708923	0.7159990668296814	-0.1568191796541214	-0.680259644985199	0.04876178503036499	0.9832971096038818	-0.17535428702831268
1.4877524375915527	4.4352006912231445	-0.7103190422058105	0.5105277895927429	0.7317794561386108	0.5	5	0.5	4	0.0	0	0.5340248346328735	0.04300154373049736	-0.8443744778633118	-0.7355093955993652	-0.46887147426605225	-0.48906591534614563	-0.41693374514579773	0.8822187185287476	-0.21876098215579987
1.5396413803100586	3.9483675956726074	-0.49904966354370117	0.5092336535453796	0.7124118804931641	0.5	5	0.5	4	0.0	0	0.5919775366783142	-0.5505021810531616	-0.5886509418487549	-0.7372186183929443	-0.0747511014342308	-0.6715064644813538	0.3256635069847107	0.8314812183380127	-0.4500914514064789
1.3371224403381348	3.1780221462249756	-0.34228160977363586	0.5171098709106445	0.6784822344779968	1.0	1	0.0	0	0.0	0	0.8807344436645508	-0.23670996725559235	-0.4102138578891754	-0.4615185260772705	-0.23448152840137482	-0.8555811047554016	0.10633699595928192	0.9428609609603882	-0.3157619535923004
1.7508271932601929	5.016115665435791	-0.6264410018920898	0.4975203275680542	0.7442258596420288	0.5	5	0.5	4	0.0	0	0.49709662795066833	0.596741795539856	-0.6299161314964294	-0.36805400252342224	-0.512406587600708	-0.7758709788322449	-0.7857677936553955	0.6175259351730347	-0.035082362592220306
1.2408024072647095	-7.64345121383667	0.10415013134479523	0.6483548283576965	0.041673436760902405	1.0	29	0.0	0	0.0	0	0.012634875252842903	0.858408510684967	0.5128111839294434	0.9864144921302795	-0.0947064682841301	0.13422788679599762	0.16378889977931976	0.5041483640670776	-0.8479431867599487
0.5419313311576843	-3.135148048400879	0.16481217741966248	0.535635232925415	0.28893041610717773	1.0	26	0.0	0	0.0	0	-0.5592011213302612	-0.13025544583797455	0.8187353610992432	0.7554069757461548	-0.48692381381988525	0.43848085403442383	0.34154728055000305	0.8636775016784668	0.3706842362880707
0.3478896915912628	-3.5450596809387207	-0.1450035274028778	0.5284240245819092	0.2599540054798126	0.5	27	0.5	26	0.0	0	-0.9884766340255737	-0.1450563222169876	0.04327579587697983	0.12134861201047897	-0.5883002877235413	0.7994855642318726	-0.0905112773180008	0.7955242991447449	0.5991234183311462
0.3985130786895752	-3.915675640106201	-0.21864794194698334	0.5349329113960266	0.2415456920862198	1.0	27	0.0	0	0.0	0	-0.9950122833251953	-0.09698951244354248	-0.02331654727458954	0.03139418736100197	-0.5261039733886719	0.8498406410217285	-0.09469255059957504	0.84486985206604	0.5265248417854309
0.64565110206604	-3.891221523284912	0.09455442428588867	0.5548340082168579	0.2508384883403778	1.0	27	0.0	0	0.0	0	-0.5293518304824829	-0.17020438611507416	0.8311541080474854	0.8196074962615967	-0.35565951466560364	0.4491657316684723	0.2191578894853592	0.9189868569374084	0.32776981592178345
0.0	-0.7390633225440979	-0.04540965333580971	0.43376079201698303	0.37572625279426575	0.3333333333333333	31	0.3333333333333333	30	0.3333333333333333	25	0.0	-0.829529881477356	0.558462381362915	0.9763713479042053	0.12064062803983688	0.17929011583328247	-0.21609975397586823	0.5452666878700256	0.8099291920661926
0.04621635377407074	-1.5956218242645264	-0.06063145399093628	0.46351131796836853	0.3444918990135193	0.5	26	0.5	25	0.0	0	-0.9929230213165283	-0.11813754588365555	0.01214640773832798	0.09473664313554764	-0.7262145280838013	0.6809093356132507	-0.07162006199359894	0.6772412657737732	0.7322670221328735
0.5079664587974548	-5.31014347076416	-0.34985247254371643	0.5547556281089783	0.16759009659290314	0.5	28	0.5	27	0.0	0	-0.9961429238319397	-0.08432422578334808	-0.024262672290205956	0.008627836592495441	-0.36903637647628784	0.9293749928474426	-0.08732263743877411	0.9255809187889099	0.36834052205085754
0.9452841877937317	-7.745737075805664	-0.3036556839942932	0.6051181554794312	0.03651251271367073	1.0	29	0.0	0	0.0	0	-0.9827337861061096	-0.12006070464849472	-0.1407829225063324	-0.16750864684581757	0.2541568875312805	0.9525467157363892	-0.07858247309923172	0.9596821665763855	-0.2698797583580017
0.8965877890586853	-7.506912708282471	-0.3090898394584656	0.6070573329925537	0.04721890762448311	0.5	29	0.5	28	0.0	0	-0.9822676181793213	-0.18745028972625732	-0.003570772474631667	-0.005891097243875265	0.01181192696094513	0.9999129176139832	-0.18739180266857147	0.9822031259536743	-0.012706761248409748
